0, 19, 27, 8, 33, 18, 13
19, 0, 31, 18, 36, 1, 13
27, 31, 0, 26, 41, 32, 29
8, 18, 26, 0, 31, 17, 14
33, 36, 41, 31, 0, 35, 28
18, 1, 32, 17, 35, 0, 12
13, 13, 29, 14, 28, 12, 0